[gd_scene load_steps=10 format=2]

[ext_resource path="res://physics_jigglebone/PhysicsJiggleBone.tscn" type="PackedScene" id=1]
[ext_resource path="res://mesh/penis_type_a/Penis.glb" type="PackedScene" id=2]
[ext_resource path="res://characters/Penis.gd" type="Script" id=3]
[ext_resource path="res://particles/cum/CumProcessMaterial.tres" type="Material" id=4]
[ext_resource path="res://particles/cum/CumParticleMesh.tres" type="CapsuleMesh" id=5]

[sub_resource type="CapsuleShape" id=1]
resource_local_to_scene = true
radius = 0.531743
height = 0.247939

[sub_resource type="CapsuleShape" id=2]
resource_local_to_scene = true
radius = 0.535488
height = 0.451728

[sub_resource type="CapsuleShape" id=3]
resource_local_to_scene = true
radius = 0.448198
height = 0.308286

[sub_resource type="CapsuleShape" id=4]
resource_local_to_scene = true
radius = 0.64
height = 0.08

[node name="PenisTypeA" instance=ExtResource( 2 )]
script = ExtResource( 3 )

[node name="Genitals" parent="." index="0"]
transform = Transform( 0.5, 0, 0, 0, 0.5, 0, 0, 0, 0.5, 0, 0, 0 )

[node name="TipBoneAttachment" type="BoneAttachment" parent="Genitals/Skeleton" index="1"]
transform = Transform( 1, -1.32729e-11, 7.15257e-07, 5.49478e-07, -0.640159, -0.768248, 4.57885e-07, 0.768242, -0.640164, -2.00879e-09, 3.13419, 6.67494 )
bone_name = "Gen_5"

[node name="CumParticles" type="Particles" parent="Genitals/Skeleton/TipBoneAttachment" index="0"]
transform = Transform( 2, 7.88454e-07, 8.04175e-07, -1.12837e-07, -1.28063, 1.53622, 1.12054e-06, -1.53621, -1.28063, -2.24614e-06, -0.00493407, -1.86007 )
emitting = false
amount = 100
lifetime = 3.0
explosiveness = 0.5
randomness = 1.0
local_coords = false
process_material = ExtResource( 4 )
draw_pass_1 = ExtResource( 5 )

[node name="Bone1" parent="." index="1" instance=ExtResource( 1 )]
transform = Transform( 1, -1.84656e-10, 2.38265e-07, 6.01107e-08, -0.967457, -0.253035, 2.30558e-07, 0.253035, -0.967457, -1.91736e-07, 0.48981, 0.926926 )
collision_layer = 2
collision_mask = 4
contacts_reported = 1
contact_monitor = true
skeleton_path = NodePath("../Genitals/Skeleton")
bone_name = "Gen_1"
stiffness = 2.0
damping = 5.0
gravity_shape_offset = Vector3( 0, -1, -0.1 )

[node name="CollisionShape" type="CollisionShape" parent="Bone1" index="0"]
transform = Transform( 1, 3.86772e-08, 3.15019e-09, -3.8675e-08, 0.986713, 0.162466, 3.17593e-09, -0.162464, 0.986713, -1.90839e-07, 0.178715, 0.799173 )
shape = SubResource( 1 )

[node name="Bone2" parent="." index="2" instance=ExtResource( 1 )]
transform = Transform( 1, 2.13344e-10, 2.38752e-07, 9.46883e-08, -0.918347, -0.395776, 2.19173e-07, 0.395776, -0.918347, -1.91736e-07, 0.794756, 1.694 )
collision_layer = 2
collision_mask = 4
contacts_reported = 1
contact_monitor = true
skeleton_path = NodePath("../Genitals/Skeleton")
bone_name = "Gen_2"
stiffness = 2.0
damping = 5.0
gravity_shape_offset = Vector3( 0, -0.6, 0 )

[node name="CollisionShape" type="CollisionShape" parent="Bone2" index="0"]
transform = Transform( 1, -1.82304e-08, 7.02244e-10, 1.82304e-08, 0.997049, -0.0767718, 6.99274e-10, 0.076771, 0.99705, -1.88568e-07, 0.0431952, 0.789043 )
shape = SubResource( 2 )

[node name="Bone3" parent="." index="3" instance=ExtResource( 1 )]
transform = Transform( 1, -6.35239e-10, 4.76298e-07, 2.40397e-07, -0.86261, -0.50587, 4.1118e-07, 0.50587, -0.86261, -3.82469e-07, 1.17772, 2.50293 )
collision_layer = 2
collision_mask = 4
contacts_reported = 1
contact_monitor = true
skeleton_path = NodePath("../Genitals/Skeleton")
bone_name = "Gen_3"
stiffness = 2.0
damping = 5.0
gravity_shape_offset = Vector3( 0, -0.35, 0 )

[node name="CollisionShape" type="CollisionShape" parent="Bone3" index="0"]
transform = Transform( 1, -7.02542e-08, 5.16059e-09, 7.02504e-08, 0.989175, -0.146739, 5.20487e-09, 0.146738, 0.989176, -4.21916e-07, 0.0486959, 0.882935 )
shape = SubResource( 2 )

[node name="Bone4" parent="." index="4" instance=ExtResource( 1 )]
transform = Transform( 1, -1.3204e-10, 2.38172e-07, 1.42898e-07, -0.799685, -0.60042, 1.90542e-07, 0.60042, -0.799685, -1.91741e-07, 1.59729, 3.16475 )
collision_layer = 2
collision_mask = 4
contacts_reported = 1
contact_monitor = true
skeleton_path = NodePath("../Genitals/Skeleton")
bone_name = "Gen_4"
stiffness = 2.0
damping = 5.0
gravity_shape_offset = Vector3( 0, -0.26, 0 )

[node name="CollisionShape" type="CollisionShape" parent="Bone4" index="0"]
transform = Transform( 1, -3.58839e-08, 2.58177e-09, 3.58742e-08, 0.98917, -0.146775, 2.71294e-09, 0.146773, 0.989172, -1.68508e-07, 0.0660453, 0.704605 )
shape = SubResource( 2 )

[node name="Bone5" parent="." index="5" instance=ExtResource( 1 )]
transform = Transform( 1, 4.87489e-10, 7.15661e-07, 5.49795e-07, -0.640694, -0.767797, 4.58145e-07, 0.767797, -0.640694, -5.73201e-07, 2.18169, 3.8496 )
collision_layer = 2
collision_mask = 4
contacts_reported = 1
contact_monitor = true
skeleton_path = NodePath("../Genitals/Skeleton")
bone_name = "Gen_5"
stiffness = 2.0
damping = 5.0
gravity_shape_offset = Vector3( 0, -0.26, -0.061 )

[node name="CollisionShape" type="CollisionShape" parent="Bone5" index="0"]
transform = Transform( 1, -1.79409e-07, 2.17561e-08, 1.79292e-07, 0.969736, -0.244158, 2.27063e-08, 0.244156, 0.969737, -4.61786e-07, 0.152184, 0.643565 )
shape = SubResource( 3 )

[node name="Balls" parent="." index="6" instance=ExtResource( 1 )]
transform = Transform( 1, 1.27562e-07, 2.23049e-06, -1.11317e-06, 0.894064, 0.447939, -1.93706e-06, -0.447939, 0.894064, -1.78686e-06, -1.38542, -1.07873 )
collision_layer = 2
collision_mask = 4
contact_monitor = true
skeleton_path = NodePath("../Genitals/Skeleton")
bone_name = "Ball"

[node name="CollisionShape" type="CollisionShape" parent="Balls" index="0"]
transform = Transform( -0.0794679, -0.010465, -0.996782, -0.446693, 0.894304, 0.0262232, 0.891153, 0.447339, -0.0757431, -0.0239084, -0.151004, 0.978725 )
shape = SubResource( 4 )

[node name="HardTimer" type="Timer" parent="." index="7"]
wait_time = 0.5
autostart = true

[node name="CumTimer" type="Timer" parent="." index="8"]
wait_time = 15.0
one_shot = true

[connection signal="timeout" from="HardTimer" to="." method="_on_HardTimer_timeout"]
[connection signal="timeout" from="CumTimer" to="." method="_on_CumTimer_timeout"]
