[gd_scene load_steps=6 format=2]

[ext_resource path="res://addons/ovr_toolkit/input/devices/hand/RightHand.tscn" type="PackedScene" id=1]
[ext_resource path="res://misc_materials/Hand.material" type="Material" id=2]
[ext_resource path="res://addons/ovr_toolkit/ui/panel_3d/GUIHandPointer.gd" type="Script" id=3]

[sub_resource type="CapsuleShape" id=1]
radius = 0.85356
height = 2.51306

[sub_resource type="CapsuleShape" id=2]
radius = 0.766784
height = 0.924667

[node name="RightHandPhysics" instance=ExtResource( 1 )]
skeleton = NodePath("ArmatureRight/Skeleton")

[node name="Skeleton" parent="ArmatureRight" index="0"]
bones/0/bound_children = [  ]
bones/2/bound_children = [  ]
bones/3/bound_children = [  ]
bones/4/bound_children = [  ]
bones/10/bound_children = [  ]

[node name="BoneAttachment" parent="ArmatureRight/Skeleton" index="0"]
transform = Transform( 0.575561, 0.67335, 0.464036, -0.739133, 0.671136, -0.0570911, -0.349873, -0.310125, 0.883975, -8.31233, 6.69126, 4.37118 )

[node name="BoneAttachment 2" parent="ArmatureRight/Skeleton" index="1"]
transform = Transform( 0.707382, 0.518598, 0.480278, -0.649744, 0.744603, 0.152969, -0.278287, -0.420265, 0.863674, -5.92187, 4.49557, 3.43076 )

[node name="BoneAttachment 3" parent="ArmatureRight/Skeleton" index="2"]
transform = Transform( 0.715415, 0.480301, 0.507437, -0.520631, 0.850801, -0.0712855, -0.465966, -0.213189, 0.858735, -3.59584, 2.80285, 1.91577 )

[node name="BoneAttachment 4" parent="ArmatureRight/Skeleton" index="3"]
transform = Transform( 0.989329, -0.102457, -0.103592, 0.101712, -0.023419, 0.994538, -0.104323, -0.994462, -0.012748, -9.56466, 0.172591, 0.254316 )

[node name="r_handMeshNode" parent="ArmatureRight/Skeleton" index="16"]
material_override = ExtResource( 2 )

[node name="BoneAttachment2" type="BoneAttachment" parent="ArmatureRight/Skeleton" index="17"]
transform = Transform( 0.992608, 0.0543436, -0.108515, 0.109344, -0.0125266, 0.993925, 0.0526542, -0.998444, -0.0183763, -16.9417, 1.94251, 1.21591 )
bone_name = "b_r_index_null"

[node name="Position3D" type="Position3D" parent="ArmatureRight/Skeleton/BoneAttachment2" index="0"]
transform = Transform( 0.999995, -0.00326125, -4.05451e-05, 0.00326125, 0.999995, -0.000358861, 4.15428e-05, 0.000358718, 0.999999, 0.769999, -0.046984, -0.0853012 )

[node name="RigidBody" type="RigidBody" parent="ArmatureRight/Skeleton/BoneAttachment2" index="1"]
transform = Transform( 0.999995, -0.00326126, -4.05456e-05, 0.00326125, 0.999995, -0.000358861, 4.15427e-05, 0.000358719, 0.999999, 0.769997, -0.046984, -0.0853012 )
collision_layer = 524292
collision_mask = 524290
mode = 1
contacts_reported = 1
contact_monitor = true
can_sleep = false
script = ExtResource( 3 )
default_position = NodePath("../Position3D")

[node name="CollisionShape" type="CollisionShape" parent="ArmatureRight/Skeleton/BoneAttachment2/RigidBody" index="0"]
transform = Transform( -0.0344951, -0.0408437, -0.998571, -0.0735884, 0.996557, -0.0382194, 0.996692, 0.0721646, -0.0373817, 0.0961971, 0.0956516, -0.00937366 )
shape = SubResource( 1 )

[node name="BoneAttachment6" type="BoneAttachment" parent="ArmatureRight/Skeleton" index="18"]
transform = Transform( 0.575561, 0.673349, 0.464036, -0.739133, 0.671136, -0.0570913, -0.349873, -0.310125, 0.883975, -9.16781, 7.78986, 4.89121 )
bone_name = "b_r_thumb_null"

[node name="RigidBody" type="RigidBody" parent="ArmatureRight/Skeleton/BoneAttachment6" index="0"]
transform = Transform( 1, -7.45058e-09, 5.96046e-08, -1.2666e-07, 1, -5.96046e-08, -2.98023e-08, 0, 1, -0.236023, 0.232202, 0.0986385 )
collision_layer = 4
collision_mask = 2
mode = 1

[node name="CollisionShape" type="CollisionShape" parent="ArmatureRight/Skeleton/BoneAttachment6/RigidBody" index="0"]
transform = Transform( -0.125542, 0.32134, -0.938606, -0.0711694, 0.940737, 0.331589, 0.989532, 0.108429, -0.0952323, 0.421418, -0.383164, -0.0860782 )
shape = SubResource( 2 )

[node name="BoneAttachment3" type="BoneAttachment" parent="ArmatureRight/Skeleton" index="19"]
transform = Transform( 0.987593, 0.0968454, -0.123618, 0.132458, -0.0908864, 0.987013, 0.0843524, -0.991141, -0.102587, -17.7408, -0.730238, 0.87634 )
bone_name = "b_r_middle_null"

[node name="RigidBody" type="RigidBody" parent="ArmatureRight/Skeleton/BoneAttachment3" index="0"]
transform = Transform( 1, 7.45058e-09, -2.91038e-10, -3.72529e-09, 1, -3.72529e-09, -2.86382e-08, 0, 1, -0.210922, -0.0115476, 0.0230584 )
collision_layer = 4
collision_mask = 2
mode = 1

[node name="CollisionShape" type="CollisionShape" parent="ArmatureRight/Skeleton/BoneAttachment3/RigidBody" index="0"]
transform = Transform( -0.0311819, -0.0363018, -0.998854, -0.0726237, 0.996781, -0.0339593, 0.996872, 0.0714813, -0.0337179, 1.12906, 0.0916457, -0.0559732 )
shape = SubResource( 1 )

[node name="BoneAttachment4" type="BoneAttachment" parent="ArmatureRight/Skeleton" index="20"]
transform = Transform( 0.978622, -0.029105, -0.203596, 0.195193, -0.180434, 0.964025, -0.0647936, -0.983155, -0.170895, -16.3572, -3.55227, 1.49422 )
bone_name = "b_r_ring_null"

[node name="RigidBody" type="RigidBody" parent="ArmatureRight/Skeleton/BoneAttachment4" index="0"]
transform = Transform( 1, 7.45058e-09, -2.91038e-10, -3.72529e-09, 1, -3.72529e-09, -2.86382e-08, 0, 1, -0.210922, -0.0115476, 0.0230584 )
collision_layer = 4
collision_mask = 2
mode = 1

[node name="CollisionShape" type="CollisionShape" parent="ArmatureRight/Skeleton/BoneAttachment4/RigidBody" index="0"]
transform = Transform( -0.0311819, -0.0363018, -0.998854, -0.0726237, 0.996781, -0.0339593, 0.996872, 0.0714813, -0.0337179, 1.12906, 0.0916457, -0.0559732 )
shape = SubResource( 1 )
